[gd_scene load_steps=15 format=2]

[ext_resource path="res://games/sliding_castle/scripts/index.gd" type="Script" id=1]
[ext_resource path="res://games/sliding_castle/scenes/Player.tscn" type="PackedScene" id=2]
[ext_resource path="res://games/sliding_castle/shaders/FXAA.shader" type="Shader" id=3]
[ext_resource path="res://games/sliding_castle/fonts/Fjalla_One/FjallaOne-Regular.ttf" type="DynamicFontData" id=4]

[sub_resource type="ProceduralSky" id=1]

[sub_resource type="Environment" id=2]
background_mode = 2
background_sky = SubResource( 1 )
ssao_enabled = true
ssao_intensity = 2.0
ssao_radius2 = 1.0
ssao_intensity2 = 0.5
ssao_light_affect = 0.1

[sub_resource type="CubeMesh" id=3]
size = Vector3( 11.314, 0.2, 11.314 )

[sub_resource type="SpatialMaterial" id=4]
albedo_color = Color( 0.176471, 0.176471, 0.184314, 1 )

[sub_resource type="SpatialMaterial" id=5]
albedo_color = Color( 0.176471, 0.176471, 0.184314, 1 )

[sub_resource type="SpatialMaterial" id=6]
albedo_color = Color( 0.176471, 0.176471, 0.184314, 1 )

[sub_resource type="SpatialMaterial" id=7]
albedo_color = Color( 0.176471, 0.176471, 0.184314, 1 )

[sub_resource type="ShaderMaterial" id=8]
shader = ExtResource( 3 )
shader_param/qualitySubpix = 1.0
shader_param/qualityEdgeThreshold = 0.0
shader_param/qualityEdgeThresholdMin = 0.0
shader_param/lumaScale = 1.0

[sub_resource type="DynamicFont" id=9]
size = 128
outline_size = 8
outline_color = Color( 0, 0, 0, 1 )
font_data = ExtResource( 4 )

[sub_resource type="Animation" id=10]
resource_name = "hide"
tracks/0/type = "value"
tracks/0/path = NodePath("CanvasLayer/Finish:modulate")
tracks/0/interp = 1
tracks/0/loop_wrap = true
tracks/0/imported = false
tracks/0/enabled = true
tracks/0/keys = {
"times": PoolRealArray( 0, 1 ),
"transitions": PoolRealArray( 1, 1 ),
"update": 0,
"values": [ Color( 1, 1, 1, 1 ), Color( 1, 1, 1, 0 ) ]
}

[node name="Main" type="Spatial"]
script = ExtResource( 1 )

[node name="DirectionalLight" type="DirectionalLight" parent="."]
transform = Transform( -0.707107, -0.5, 0.5, 0, 0.707107, 0.707107, -0.707107, 0.5, -0.5, 0, 1.76519, 0 )
shadow_enabled = true

[node name="DirectionalLight2" type="DirectionalLight" parent="."]
transform = Transform( 0.707107, -0.5, 0.5, 0, 0.707107, 0.707107, -0.707107, -0.5, 0.5, 0, 1.76519, 0 )
light_energy = 0.25

[node name="Camera" type="Camera" parent="."]
transform = Transform( 0.707107, -0.353553, 0.612372, 0, 0.866025, 0.5, -0.707107, -0.353553, 0.612372, 8, 8, 8 )
v_offset = -1.0
projection = 1
current = true
size = 10.0

[node name="Master" parent="." instance=ExtResource( 2 )]
is_master = true

[node name="Players" type="Spatial" parent="."]

[node name="Player" parent="Players" instance=ExtResource( 2 )]
transform = Transform( 1, 0, 0, 0, 1, 0, 0, 0, 1, -6, 0, 0 )

[node name="Player2" parent="Players" instance=ExtResource( 2 )]
transform = Transform( 1, 0, 0, 0, 1, 0, 0, 0, 1, 0, 0, -6 )

[node name="Player3" parent="Players" instance=ExtResource( 2 )]
transform = Transform( 1, 0, 0, 0, 1, 0, 0, 0, 1, 0, 0, 6 )

[node name="Player4" parent="Players" instance=ExtResource( 2 )]
transform = Transform( 1, 0, 0, 0, 1, 0, 0, 0, 1, 6, 0, 0 )

[node name="WorldEnvironment" type="WorldEnvironment" parent="."]
environment = SubResource( 2 )

[node name="Ground" type="Spatial" parent="."]

[node name="MeshInstance" type="MeshInstance" parent="Ground"]
transform = Transform( 0.707107, 0, 0.707107, 0, 1, 0, -0.707107, 0, 0.707107, -8, -0.3, 0 )
mesh = SubResource( 3 )
material/0 = SubResource( 4 )

[node name="MeshInstance2" type="MeshInstance" parent="Ground"]
transform = Transform( 0.707107, 0, 0.707107, 0, 1, 0, -0.707107, 0, 0.707107, 0, -0.3, -8 )
mesh = SubResource( 3 )
material/0 = SubResource( 5 )

[node name="MeshInstance3" type="MeshInstance" parent="Ground"]
transform = Transform( 0.707107, 0, 0.707107, 0, 1, 0, -0.707107, 0, 0.707107, 0, -0.3, 8 )
mesh = SubResource( 3 )
material/0 = SubResource( 6 )

[node name="MeshInstance4" type="MeshInstance" parent="Ground"]
transform = Transform( 0.707107, 0, 0.707107, 0, 1, 0, -0.707107, 0, 0.707107, 8, -0.3, 0 )
mesh = SubResource( 3 )
material/0 = SubResource( 7 )

[node name="FXAA" type="ColorRect" parent="."]
material = SubResource( 8 )
anchor_right = 1.0
anchor_bottom = 1.0
__meta__ = {
"_edit_use_anchors_": false
}

[node name="CanvasLayer" type="CanvasLayer" parent="."]

[node name="Label" type="Label" parent="CanvasLayer"]
margin_right = 688.0
margin_bottom = 108.0
__meta__ = {
"_edit_use_anchors_": false
}

[node name="0" type="Label" parent="CanvasLayer"]
visible = false
anchor_right = 1.0
margin_left = 481.0
margin_top = 239.0
margin_right = -1003.0
margin_bottom = 639.0
custom_fonts/font = SubResource( 9 )
text = "P1 100"
valign = 1
__meta__ = {
"_edit_use_anchors_": false
}

[node name="1" type="Label" parent="CanvasLayer"]
visible = false
anchor_right = 1.0
margin_left = 1121.0
margin_top = 239.0
margin_right = -363.0
margin_bottom = 639.0
custom_fonts/font = SubResource( 9 )
text = "P1 100"
valign = 1
__meta__ = {
"_edit_use_anchors_": false
}

[node name="2" type="Label" parent="CanvasLayer"]
visible = false
anchor_right = 1.0
margin_left = 481.0
margin_top = 495.0
margin_right = -1003.0
margin_bottom = 895.0
custom_fonts/font = SubResource( 9 )
text = "P1 100"
valign = 1
__meta__ = {
"_edit_use_anchors_": false
}

[node name="3" type="Label" parent="CanvasLayer"]
visible = false
anchor_right = 1.0
margin_left = 1121.0
margin_top = 495.0
margin_right = -363.0
margin_bottom = 895.0
custom_fonts/font = SubResource( 9 )
text = "P1 100"
valign = 1
__meta__ = {
"_edit_use_anchors_": false
}

[node name="Finish" type="Label" parent="CanvasLayer"]
anchor_right = 1.0
margin_right = 0.00012207
margin_bottom = 400.0
custom_fonts/font = SubResource( 9 )
text = "Mezclando ..."
align = 1
valign = 1
__meta__ = {
"_edit_use_anchors_": false
}

[node name="AnimationPlayer" type="AnimationPlayer" parent="."]
anims/hide = SubResource( 10 )

[node name="Timer" type="Timer" parent="."]
wait_time = 3.0
one_shot = true
